
ÿ

0
22
2
45
0
67
2
991 82 1
2



  5
 16
771 2
95

 

2  
0
 2  21
2 
82 
30  
9
 3  3233 
3
7
 8 5
4
 0  2244 44
 
 6 

8
 5  4255 45


 4  
156477
 

9 

1
 2  
3445556 
 7 

6
    
4125337 
75 

9
 7  
4905
 1187 54
1
 3  
3785098 
 1 

2
 5   499 99
 
 9  06



20613 2 016
2271
961800150
168

821 11125
1 926 1012
121

 
1901
071 22266
2 15512894
311

2
1521711
 31303
383
50 6 1
1
44 3
1 4551456

4 1
14513441 8 44741144113
14
41

 4849
 
199 991
19
 19

99848593
 4
41
1 
6 22 

44411 711 4111971641115 114 1151164711911 411 711111

  19130 4
1414 
1  8141  

114
15


13
482

 
49041 4 14493
6
5
418192
95
14
44


91 199

44244
   93
 911    
4 94

 
453



1244 9914 
499 911 82
646944
 1 8111  7139

144111511


495
1
440
4 1939 111 9499 
19999 111 37

 

9 1

9
 22
44144  4  112  1 444 6 9319
 23

12444 9 91171 1492 14
44111519517111144911 5 51
711114471115119
82 14141


  45419


9119
8
4
441

998193


99 9 2
4141111841

4

1911 144806


22
4149181811
1

2991829  4

91
1
1
9
1914
6143414 4 918
 
4
41
1032





1 1133092404 2 998
4
454111144



    
6444  4991514
8
 9 1519 80
 
114

111

1
153
5

  4

1062143494 119  40925
71

1


11
1
3
 9
82
1917593  8


1
1
  96244 4


9

41 1264
999141
 91


1
3
71



1115111 
 
  02 4 148441 
 
99
191


51
11  
1415990 4 
  07
9 

8191   8315
999 1 8991 4  133
71
141
9992
4411
1

1113




  14949

4


1
9

  841481416

1
4
 1
1444871104 454946174151

4
 444 4019

0
  1151

9
6  144414 14042 
 
3141   639904621469

1
8


41937
4
 032
93141115111
817181 7110111 
71

3

949 949 
3


40
3441
4423061
39

99
1   1

81062
51789
84 9 7141 964
47111

 4514
1
14 1 



4
3

 

84938



11 14379
199
40926


13
91
99
4042 
5


71



84494
2
444951



1
 92182 
141 146  93

153

11389
81 148828




14  130 319

449
81
4
  


4244  

219
144  89
 928


1311

0
249734
9
81
  
6
 
39

 1104




4140

1
111 9 6
99
3
5


  484621
1918199869

01111

6
844951


11119181042  828
3  84454

948 
1198
  85949  494821
111918
1

14 738
3

1199793 4   
 
39
1
88 1 8 9 88 042 4 9 6 

214628
7

 4 93


93




 4 628
7

214 9 6 042 49 88  1 8 
1
88
 
39 4   997933

11 738
7

 1 
9
61
4
     7391188411181994549
848


44
99132

141


4
19182711082111831 151
4
  999454
6

8
 928182 
 9
848311

1514
491888


5160
21

4
  


1442
4449994541
144 

847
4
  1


1
 1 

9

444   84199
4

 
39


84716



191
1311181 1 

8061
39
14444 4724991419 86249
817
817
8264

17
91
182 
   
627153

14
4449624
4311

19
84449 88 1441 3199 4 311

119182

4
  
1 16
1

111182 
 1810
29

41449
931 14887
1
88

 
39
918884


1125
7110
1
88
133

11 195 8 0170998

4444  1 

447

444

99
3
9

4446921
34   0 1141
 4


44

4


1
71


1

 1  111814141

4 9 827199
3

  
5
11
118 2 4951199 4 
19161

5




442 3



4
84
4111


4456042 4



11
4951
17958

4 848
770
24499 
51411118149
14445

1448 4   7
73 
 7799921
41484511988
6141 4
3061
17444  1


14179

114 0
21
  1188789 86241 
 4 8
39


7264

14141
 4


314 949  4
1
111
 
 
5
1999454
599032
   7371908

77 1 8 73925
64199 4 
 44  7
29 921

 
39
1121

 79188751948

44141 1

1118140

04181

14481119801799151

952
477 4   

1
14882850
 77454

44
5


44436

17

94475499141
7

113  99867

4
44 93998

4737


144821
146133
444133

170
 4415199
4

4 2 

77141  

1


4
61
3


44494821
4441 1
 1118
39
15886461118306042  0
4821
1461
111  4441 1
1
4

144
1138434
4

1444441 1
11
111  4821
146
9
816
611183060
 44153


15  9

414 13
5110 29
817  4

1416 11188
7
141 4

182 
 44

1118 891888404
9
6


8061
377311181112 4951115
7110 2
4
 8


73 
 77144
 


0170
27 144   
  99

776 4   7
6111

 7 042  0
2171


7
141   
 171


7
042  0
2111

 7  4   7
6 99

776144   
 0170
27 144
 


6938
74446
841921998714
4
5



7

442 3
36  121119 2 

776 
 44746144   
 699151

 0 22
11116 


4
184 
 7 



1   
2
4441511

111  
648

072181 
 4 749468

111988
6
4
7


777
94924
4 

112  0
94924
4 
7


77711988
6
449468

1181 
 4 7648

072


111  
1
 11   

6

8775 828
7475
94924
4 9
8489341  647110 

847661
9
82


 141
 44 1401
177



516 0
1
 11   
484

171

4


44
5042 4

16628
77744441 1

6
82


4
19

012 4
1

 4 6 19

4445411

11
 


71

04013441 1
16 848
776
9444 4

61  
7
1 92  133119399867

4 
1
8128
4133

171
 9 827
6 151


7


111822
44918876244


441311 99

776
1  
7
1 92 
 14  6

1
8885849444 4

661118184 4


110 0
4  18117939
811  4
111 8 0 441118184 42
44415111931
144 211188 1 4499867

4 4 14011171
9
6


0 3111811144454

4417


2437911918884944 0
2449211140


71

 9 827
6 
141
 44 18061
377


3


979


 
28515640
21
  1
1

84771411


4
6111311

171

494821
1 4151

 4 0 941
444133
9
6


0 9


1
  6
511980170421118195 4 

414  1
199758

0 2934
444191931
144 2 39566

0 2


15  4
3
1
880604911388042441
 11   

499141
1  
  1211193 
9
6


0 91
144
3
1
49
931
1  4  1811793

4
  

160111

 7 
31


4
6111
 
 4 82615264

141046

1437
1111
14493 1 9734
474

1517880614344   1
166
9
84782414  
62716714444

44181
  
7
1
814 
 4493615
440 1
4661
1
88
6
4


8


77



11
8
4
4471
144 4 147
 
4
119484511
17



469

141515
1
88
7
4

09264

1 14441 1

66
 848
776

4 
3117 6

9454

1416
54
6440321301
14693
1
4444

4418151
111  


6062
3770
2 444 4

161
 9 6 

6 51 1 8 73645
948

444945
4

1446455444  1
161
9 86241466449
931
1  1


516 0

04

111  


54 472111414171


7


 379

1430614111815144

948 


464
4

111 1
19
111822
441
4
44 931115997934
4  1144
 



6

111

 7 
3 


314  

158 017012644184 
 7 

5 
 
28515644428


77

8 567

14311554
4448211161

 4 6 1151   847166544  
6
11
3
4 1188796444
19181 
   114
4448211164440 3
7661


9447571195144  1
161

1
14693
1
40444 4

161
4111815144


817
84106151  
8
1
82
4


11
 


13104

 7 

  91
8813344

91
8813344

 71

74673553  8411181 41

 1   

54140


71


 
1148462441
1


1
  


6
141 8

 6 

2
4441411184 44  7
6664



24379111335178806143
5 0 

776

  9

012 4

14119161

   1419182


 6119

414 1

141
7

477


   1188796444
49
817  4
465
1 88
5
44

7191
177


 5


11
 


13999864

4 414 99847
1  414
6



7


  4  17111
3
4

40


7


2 0998714
4 411199454

1 111


516 0

042
5



7

1  21
3449311195 
3


44857551921
344841514111816
44


4

4415111
8
841  1
366

1


110 0
 9211
111   

824042  0
26 

11
144 4 14734
1
8885841

0567

143115514 1401117144
4621
171


 
399042
4  111
99758

0 213
 2 

776
5 
419181 
   11449
931
1  11
 738
777

4 44
9
61


 
15
9 862414664411


1
 7


4
44 4721114146

 928
1
71444
401
177


 
4
9
816
6 0110499141
1  
1


6



7


  4999454

  111
19182


 611

938
74440454111988
6
44


54
414  1
1714



4
7111644 19
93


  11

3158895143

93

0418101224  448 7

664
47 99

776

  44
 
2851564440
0 22
1115344

191
177


 54444
 


362
017

1417111
6
 
11
8
3
445
374  1811793
4


111822
441
37



4
7111644  

8477141484  444 4

161
140131

77 
  
449 87341454441
1 184 1 71444
4621
171


 
49444 4

661
1510
21
  1
17
44111

 7 
3  44


516 0

0424  1 8 73645

82161

 4 965541199
4

4  
1

1
4
  

968

95499141
1  
1


941
4441335511
1138434440
264494

771
1  44182


4
28
5
15454

1416
55
1
952
4771
1 1443111811144 
 6 
5


4443355012 4   

665
162111 8 97445
464
158864644

153141   
 6 

4131 10411 5 44

3


1
  6
56344099151

   1 


440 1
4661
31191148472441
16 111
8
5
44


6
999444
4  111
11810
24495151111

 4 7111504 
399 5 

  514

5

112  0
264441   981165545

4 4   7
665

40491
8813344

151 118878 444
464 4148451141
182
 4   7
665

404
  
7
1
81442
9


112  0
264441
4
  7
766

0429624
47


1 1461
4
  

968

951


516 0

0424 4
 
4011
5
44

5144   
3665
48 84
4441411140
 
3401
177


 
441 71

7467355414

 
3
1175644

1
  1331193141



71

0401705213
151


4
5
55
1

141
 44 1 5 113
934
4441915111
9624
47


1 14611

 1   

544434

444
5
11068 5321
8812144

 5  149   
 6 

403629 921
1 811 
 9
 928
1
71444
1
311

171

   4 1 

817 6

444444 

8476411494 133

 4 7161594  336
8419211311  139
84444414511 131
144
5
11
7
 
31


4
7111
5
  331
118  


7144
4 99

776

  44414  6471103143



19181 
   114
39 118878 444
464  908

774
4  4411199 4 

  514

625
7110 2
4811414999454

  111

39
4


171
4  1421
1
14882 1 95  33144   
3665
48 8219182 
  
114
38 1937


1 111

 1 44
 


362
01703 118878 444
464  


11
 


13946442 4951117
44 
 
3 
 4474615624 434998714
4 4111
171958

4448455111
1 1 

776
5  44414133

171
1   4 1 
5



4
4
55512
8 9 827
6 
114
472

444
5
11068 5334  1311182 4 



2514
4771
1 14411



1   


7144248


110 0
 9214244
286
777

0 24411139566

0 21


131


110 0
 9214244144
 


66


3
929494711
1 111


6
199 4 

  514

6243158895143

931 14511
17



 
4
11
144  1
161

 2 6 799
5



 
1


06619993 
   514
3735
1
88
7
4


138 4 93 
 4461554114
41


4
6111
6
  33321
8812144

 5  
 4
4441411140
 
3
2941
44413355111
1
9
8478241472  131211
8
28443
1810 1 

 4 7161594  334293


44
7
5
11

4


14181 1 0   33221118140
4


82
 
 0
2449211104   3 2454

441715511



2
4440421
951 131291188484441
151   


2437911133  33124 4721114146





3
5110 2
4921414344

111 4


4
4144
4   981165545

4
4


94475711951 33322


4
82
1
4
  3392472

171

  
4
1 114148451141
182
 
 949  4
4661
17171934
44 9311151  
3
24  1811793
4

4



16



7


  
4
15110 22
1115344

1
1
 

817  4
454444414



4
6
11856 03302 99

776

  44414111138804244

141 1  
1
88
7
4


138 4  181
177


  44
1
151
14693
1
40  
3
24


1   


71442484119379

1 311

12104   8471665444
4
4

19182


 611


4
28104

 7 

  4431111
286
777

0 2441111144
 


362
01703153
9
71

8 711

1331191
8813344

151 8  1   1 1193544



4
4
9
71


 
11

6422
 

817 6

44444444411
111   
 7144342413  8411181 4 
 



1 4 
34460557114
4
4499141
1  
1


39
7
648

072
4  14111114  
6
11
3
4




5
04

111 1


3
4
4444
4
4111 1
182
4
4
441
4
  

160
 060426301188773444
471  1 11810
2449515111

 
 
71

0401705213



191
8813344

151 8    148870646

454 1  1
6


2422
55112
4

116 


4
4055
1

3

511988
6
44


5
    9
1138434440
264  1 1 828
7475145414

1
111 11111 4 4 

3
2
1
1
111   
 714434242198 

474

  1411311

111822
441
37
  1 16


1   


7144248411
1 88
5
44

754    04841
177 
   44312114


11
 

69214841440199
5



 
1


06641

 928
1
71444
1
4

0
 
 14  6
564444444410170
27 

1 14411 1 42
4441411184   3 22  444

441815
11




14951
177

   441121143441 1
166 
 0 719310918884944 

141 4  
3194811
1 111 
 0 84

3158895143

931 1 882 1 8 62645

934 4 1820 22
1115344

1
1
 

244  

163

841517
84 9 717
6 5114
48462




449491
060 23 221 

1118 8

03143444411111 8 97445
464  4 454032
4441315111 
 
 111 195 1 6 444
3
2



151


7



 
4
1111246441 1


6


39
3
5
3

4
  


64

855618195   8071193444



1
1
19
84444414511 13122  
174
577

1 3441111141


11
 

6921484144011042 4

161

84 4 6 841


4
6111
6
  33328 2


44
4
15170 733220 1 4  


665

514546251173 
 776
5 444414144 4821
14639
5
1 




1
1

 1   

544434444414949  4
4661
1717193
7
3
9111 1

93 4 4444110104

 7 

  4431111444


11
 


139464444112
44
 


666
43181031321

 1  


554474444414793 
 4461554114
4
4140
4


44
5
55114
0
 1101
111
 

492
4
4
44317399042
4  111
 84 2 
 16
8419211311  13121  7 
3117 6

934444 441115

 1   6
56444444441
811188
7
4



4
    135
934
4441915111




1 0
4
  5
566

1337
92131



4
923122
  1322   81

 4 7111504 
33424 4611188 1 44

453 
  444
1 15111
5
44





1

44


1
  


6
4444